            year velocity  velocity_demand
           1869      4.57
           1870      4.12
           1871      3.91
           1872      4.34
           1873      4.35
           1874      4.23
           1875      3.99
           1876      4.19
           1877      4.48
           1878      4.70
           1879      4.67
           1880      4.97
           1881      4.10
           1882      4.16
           1883      3.76
           1884      3.75
           1885      3.43
           1886      3.30
           1887      3.22
           1888      3.10
           1889      3.06
           1890      2.93
           1891      2.94
           1892      2.81
           1893      2.87
           1894      2.55
           1895      2.71
           1896      2.67
           1897      2.81
           1898      2.55
           1899      2.48
           1900      2.53
           1901      2.47
           1902      2.35
           1903      2.34
           1904      2.21
           1905      2.18
           1906      2.32
           1907      2.30
           1908      2.08
           1909      2.23
           1910      2.20
           1911      2.09
           1912      2.15
           1913      2.17
           1914      1.91
          1915     1.90            2.68
          1916     2.12            3.01
          1917     2.18            3.11
          1918     2.51            3.53
          1919     2.28            3.24
          1920     2.20            3.22
          1921     1.90            2.90
          1922     1.88            2.94
          1923     2.04            3.26
          1924     1.97            3.21
          1925     1.88            3.09
          1926     1.95            3.26
          1927     1.87            3.21
          1928     1.84            3.25
          1929     1.95            3.42
          1930     1.70            3.02
          1931     1.47            2.60
          1932     1.28            2.16
          1933     1.38            2.19
          1934     1.52            2.36
          1935     1.52            2.29
          1936     1.60            2.35
          1937     1.67            2.47
          1938     1.53            2.30
          1939     1.52            2.21
          1940     1.51            2.11
          1941     1.61            2.17
          1942     1.84            2.37
          1943     1.77            2.20
          1944     1.61            2.02
          1945     1.37            1.75
          1946     1.16            1.52
          1947     1.23            1.62
          1948     1.31            1.73
          1949     1.27            1.68
          1950     1.43            1.89
          1951     1.53            2.00
          1952     1.50            1.97
          1953     1.51            2.01
          1954     1.49            2.01
          1955     1.58            2.14
          1956     1.61            2.19
          1957     1.63            2.28
          1958     1.56            2.26
          1959     1.63            2.36
          1960     1.69            2.50
